Query1 Ausführungszeiten:
0.008799076080322266
0.009262561798095703
0.009404659271240234
0.008473396301269531
0.008898258209228516
0.008409261703491211
0.008793115615844727
0.009562253952026367
0.008573532104492188
0.008626222610473633
Durchschnittszeit Query1: 0.008880233764648438

Query2 Ausführungszeiten:
0.003194570541381836
0.0024497509002685547
0.0019855499267578125
0.002034425735473633
0.0020782947540283203
0.0026924610137939453
0.0021195411682128906
0.0016162395477294922
0.0010209083557128906
0.0020873546600341797
Durchschnittszeit Query2: 0.0021279096603393556

Query3 Ausführungszeiten:
0.0015027523040771484
0.0015001296997070312
0.002000093460083008
0.0014994144439697266
0.0016942024230957031
0.0015947818756103516
0.0017590522766113281
0.0015034675598144531
0.0020012855529785156
0.0015001296997070312
Durchschnittszeit Query3: 0.0016555309295654297

