Query1 Ausführungszeiten:
0.030507326126098633
0.0010023117065429688
0.0
0.0009989738464355469
0.0
0.0010547637939453125
0.0010037422180175781
0.0009999275207519531
0.0
0.0
Durchschnittszeit Query1: 0.003556704521179199

Query2 Ausführungszeiten:
0.0030050277709960938
0.0020186901092529297
0.002021312713623047
0.0020170211791992188
0.002016305923461914
0.0020623207092285156
0.0029985904693603516
0.003000020980834961
0.0029990673065185547
0.0030143260955810547
Durchschnittszeit Query2: 0.002515268325805664

Query3 Ausführungszeiten:
0.0037229061126708984
0.0
0.0009996891021728516
0.0010013580322265625
0.0009992122650146484
0.0010769367218017578
0.001180887222290039
0.0010135173797607422
0.0009992122650146484
0.0009992122650146484
Durchschnittszeit Query3: 0.0011992931365966796

