Query1 Ausführungszeiten:
0.011604547500610352
0.009847402572631836
0.010137319564819336
0.01092839241027832
0.012049198150634766
0.016826391220092773
0.016167640686035156
0.012378215789794922
0.011280298233032227
0.011443614959716797
Durchschnittszeit Query1: 0.012266302108764648

Query2 Ausführungszeiten:
0.004636049270629883
0.0033893585205078125
0.0038504600524902344
0.003881692886352539
0.0024025440216064453
0.0030059814453125
0.003852367401123047
0.002977609634399414
0.0032329559326171875
0.00476527214050293
Durchschnittszeit Query2: 0.0035994291305541993

Query3 Ausführungszeiten:
0.0021522045135498047
0.002521038055419922
0.002162456512451172
0.0021355152130126953
0.0021071434020996094
0.002091646194458008
0.0016117095947265625
0.0021119117736816406
0.0021245479583740234
0.0021009445190429688
Durchschnittszeit Query3: 0.0021119117736816406

